  0.357855000  0.284281000  0.000000000      12
       1       1  -10.541369414  -12.034034207
       1       2  -10.498941245  -12.021611259
       1       3  -10.466866761  -11.960500730
       1       4   -9.896494846  -11.302174815
       1       5   -9.892952772  -11.330397724
       1       6   -9.882527440  -11.288572133
       1       7   -8.070365902   -9.110330737
       1       8   -8.037390938   -9.115097839
       1       9   -8.002757027   -9.050350817
       1      10    1.393906032    1.199360815
       1      11    1.708226998    1.536428463
       1      12    1.873855016    1.749651096
  0.357355000  0.285282000  0.000000000      12
       1       1  -10.532908056  -12.025871865
       1       2  -10.490496704  -12.013431667
       1       3  -10.458473111  -11.952275654
       1       4   -9.893616552  -11.300617505
       1       5   -9.890639248  -11.329137430
       1       6   -9.880806211  -11.287733600
       1       7   -8.083860971   -9.122829255
       1       8   -8.051330274   -9.128087775
       1       9   -8.017079497   -9.063807836
       1      10    1.405575246    1.213851900
       1      11    1.720434676    1.552150267
       1      12    1.885113155    1.763859855
  0.356854000  0.286283000  0.000000000      12
       1       1  -10.524418663  -12.017681945
       1       2  -10.482023060  -12.005222985
       1       3  -10.450051519  -11.944023104
       1       4   -9.890881962  -11.299237546
       1       5   -9.888483173  -11.328076222
       1       6   -9.879255164  -11.287115003
       1       7   -8.097150451   -9.135075932
       1       8   -8.065079990   -9.140846531
       1       9   -8.031227085   -9.077052076
       1      10    1.417260143    1.228359527
       1      11    1.732682952    1.567912671
       1      12    1.896379078    1.778077200
  0.356353000  0.287284000  0.000000000      12
       1       1  -10.515901313  -12.009464550
       1       2  -10.473520315  -11.996985215
       1       3  -10.441602057  -11.935743184
       1       4   -9.888296820  -11.298038443
       1       5   -9.886489805  -11.327218917
       1       6   -9.877878882  -11.286722189
       1       7   -8.110228683   -9.147065569
       1       8   -8.078634610   -9.153369055
       1       9   -8.045194542   -9.090078708
       1      10    1.428959232    1.242882256
       1      11    1.744971801    1.583715649
       1      12    1.907651017    1.792301410
  0.355853000  0.288285000  0.000000000      12
       1       1  -10.507356088  -12.001219794
       1       2  -10.464988472  -11.988718357
       1       3  -10.433124804  -11.927436006
       1       4   -9.885867413  -11.297022938
       1       5   -9.884664476  -11.326570298
       1       6   -9.876681528  -11.286561680
       1       7   -8.123089966   -9.158793036
       1       8   -8.091988588   -9.165650330
       1       9   -8.058976533   -9.102882913
       1      10    1.440670912    1.257418537
       1      11    1.757301195    1.599559173
       1      12    1.918927080    1.806530642
  0.355352000  0.289286000  0.000000000      12
       1       1  -10.498783099  -11.992947824
       1       2  -10.456427549  -11.980422433
       1       3  -10.424619858  -11.919101708
       1       4   -9.883600974  -11.296192215
       1       5   -9.883012568  -11.326135083
       1       6   -9.875666397  -11.286641393
       1       7   -8.135728563   -9.170253286
       1       8   -8.105136312   -9.177685387
       1       9   -8.072567635   -9.115459891
       1      10    1.452393446    1.271966688
       1      11    1.769671099    1.615443210
       1      12    1.930205246    1.820762930
  0.354852000  0.290287000  0.000000000      12
       1       1  -10.490182444  -11.984648770
       1       2  -10.447837545  -11.972097438
       1       3  -10.416087583  -11.910740671
       1       4   -9.881547255  -11.325910525
       1       5   -9.881540551  -11.295596131
       1       6   -9.874837870  -11.286972539
       1       7   -8.148138750   -9.181441406
       1       8   -8.118073221   -9.189470398
       1       9   -8.085968410   -9.127810836
       1      10    1.464124976    1.286524914
       1      11    1.782081466    1.631367710
       1      12    1.941483255    1.834996070
  0.354351000  0.291288000  0.000000000      12
       1       1  -10.481554201  -11.976322754
       1       2  -10.439218464  -11.963743380
       1       3  -10.407527278  -11.902352308
       1       4   -9.880246908  -11.325919549
       1       5   -9.879595924  -11.295066873
       1       6   -9.874186319  -11.287575270
       1       7   -8.160314686   -9.192352486
       1       8   -8.130789635   -9.200996629
       1       9   -8.099154652   -9.139912702
       1      10    1.475863489    1.301091266
       1      11    1.794532314    1.647332692
       1      12    1.952758977    1.849227996
  0.353851000  0.292289000  0.000000000      12
       1       1  -10.472898564  -11.967970009
       1       2  -10.430570329  -11.955360279
       1       3  -10.398939853  -11.893937506
       1       4   -9.879148136  -11.326152308
       1       5   -9.877893489  -11.294727178
       1       6   -9.873706949  -11.288492197
       1       7   -8.172250667   -9.202981884
       1       8   -8.143284484   -9.212263922
       1       9   -8.112139880   -9.151779665
       1      10    1.487606811    1.315663640
       1      11    1.807023581    1.663338096
       1      12    1.964029823    1.863456187
  0.353350000  0.293290000  0.000000000      12
       1       1  -10.464208486  -11.959583509
       1       2  -10.421884434  -11.946939432
       1       3  -10.390301250  -11.885472240
       1       4   -9.878242297  -11.326614153
       1       5   -9.876443784  -11.294416103
       1       6   -9.873349921  -11.289827288
       1       7   -8.183939982   -9.213324091
       1       8   -8.155549793   -9.223265460
       1       9   -8.124911461   -9.163400297
       1      10    1.499352597    1.330239767
       1      11    1.819555248    1.679383901
       1      12    1.975293123    1.877678046
  0.352850000  0.294291000  0.000000000      12
       1       1  -10.455490503  -11.951169874
       1       2  -10.413171778  -11.938491834
       1       3  -10.381633345  -11.876978501
       1       4   -9.877538349  -11.327312787
       1       5   -9.875378487  -11.293925024
       1       6   -9.873007482  -11.291810343
       1       7   -8.195378258   -9.223376026
       1       8   -8.167580442   -9.233997361
       1       9   -8.137464177   -9.174770594
       1      10    1.511098652    1.344817535
       1      11    1.832127350    1.695470142
       1      12    1.986546223    1.891890996
  0.352349000  0.295292000  0.000000000      12
       1       1  -10.446753563  -11.942738134
       1       2  -10.404436571  -11.930021699
       1       3  -10.372964797  -11.868485055
       1       4   -9.877042564  -11.328253085
       1       5   -9.874920388  -11.293614791
       1       6   -9.872479880  -11.294100540
       1       7   -8.206560125   -9.233133752
       1       8   -8.179370627   -9.244455196
       1       9   -8.149792398   -9.185886271
       1      10    1.522841457    1.359393512
       1      11    1.844739693    1.711596626
       1      12    1.997785592    1.906091592
  0.351849000  0.296293000  0.000000000      12
       1       1  -10.437989827  -11.934280477
       1       2  -10.395672331  -11.921522542
       1       3  -10.364269448  -11.859965760
       1       4   -9.876758892  -11.329437470
       1       5   -9.875067131  -11.294471251
       1       6   -9.871767552  -11.295706959
       1       7   -8.217479352   -9.242592622
       1       8   -8.190914411   -9.254634533
       1       9   -8.161890082   -9.196742775
       1      10    1.534578392    1.373965175
       1      11    1.857392336    1.727763411
       1      12    2.009008123    1.920276819
  0.351348000  0.297294000  0.000000000      12
       1       1  -10.429199507  -11.925797186
       1       2  -10.386879078  -11.912994386
       1       3  -10.355547488  -11.851420889
       1       4   -9.876692828  -11.330869786
       1       5   -9.875624955  -11.296194933
       1       6   -9.871074746  -11.296936064
       1       7   -8.228130447   -9.251748832
       1       8   -8.202206084   -9.264531291
       1       9   -8.173751440   -9.207335928
       1      10    1.546306170    1.388529340
       1      11    1.870085239    1.743970458
       1      12    2.020210226    1.934443190
  0.350848000  0.298295000  0.000000000      12
       1       1  -10.420382813  -11.917288538
       1       2  -10.378056810  -11.904437226
       1       3  -10.346799114  -11.842850722
       1       4   -9.876849836  -11.332553722
       1       5   -9.876490181  -11.298392322
       1       6   -9.870515522  -11.298188002
       1       7   -8.238508029   -9.260598809
       1       8   -8.213239995   -9.274141574
       1       9   -8.185370696   -9.217661698
       1      10    1.558021228    1.403082560
       1      11    1.882818375    1.760217739
       1      12    2.031388031    1.948586940
  0.350347000  0.299296000  0.000000000      12
       1       1  -10.411547729  -11.908980590
       1       2  -10.369213590  -11.896045587
       1       3  -10.338050125  -11.834407994
       1       4   -9.877635879  -11.301939536
       1       5   -9.877237220  -11.335587247
       1       6   -9.870138965  -11.300850372
       1       7   -8.248607170   -9.268042417
       1       8   -8.224010703   -9.282441677
       1       9   -8.196742230   -9.226791188
       1      10    1.569719394    1.419619395
       1      11    1.895591632    1.778976631
       1      12    2.042537197    1.964792195
  0.349847000  0.300297000  0.000000000      12
       1       1  -10.402679034  -11.900112007
       1       2  -10.360333320  -11.887165318
       1       3  -10.329249575  -11.825607549
       1       4   -9.879035935  -11.303350392
       1       5   -9.877856441  -11.336218743
       1       6   -9.869957198  -11.300682350
       1       7   -8.258422086   -9.277844010
       1       8   -8.234512424   -9.292931124
       1       9   -8.207860040   -9.237897561
       1      10    1.581396926    1.431296927
       1      11    1.908405123    1.791790123
       1      12    2.053653512    1.975908511
  0.349346000  0.301298000  0.000000000      12
       1       1  -10.393784806  -11.890006150
       1       2  -10.351424073  -11.877036925
       1       3  -10.320423376  -11.815486897
       1       4   -9.880695373  -11.306104004
       1       5   -9.878714598  -11.337940467
       1       6   -9.869986752  -11.301408927
       1       7   -8.267948179   -9.288181997
       1       8   -8.244739920   -9.303730419
       1       9   -8.218718606   -9.249160419
       1      10    1.593048886    1.445866226
       1      11    1.921258736    1.807666553
       1      12    2.064731932    1.988651511
  0.348846000  0.302299000  0.000000000      12
       1       1  -10.384865376  -11.880151915
       1       2  -10.342485847  -11.867158485
       1       3  -10.311571836  -11.805636799
       1       4   -9.882614873  -11.308976800
       1       5   -9.879816767  -11.339812124
       1       6   -9.870236285  -11.302294259
       1       7   -8.277180700   -9.297934687
       1       8   -8.254687938   -9.314016171
       1       9   -8.229312341   -9.259965370
       1      10    1.604670155    1.459712293
       1      11    1.934152442    1.822891417
       1      12    2.075767156    2.000957826
  0.348345000  0.303300000  0.000000000      12
       1       1  -10.375921146  -11.870272522
       1       2  -10.333518663  -11.857251069
       1       3  -10.302695320  -11.795761474
       1       4   -9.884796445  -11.312206673
       1       5   -9.881167856  -11.342024971
       1       6   -9.870712700  -11.303496670
       1       7   -8.286115103   -9.307294811
       1       8   -8.264351367   -9.323925285
       1       9   -8.239635747   -9.270410250
       1      10    1.616255087    1.473498634
       1      11    1.947086197    1.838156333
       1      12    2.086753439    2.013203358
  0.347845000  0.304301000  0.000000000      12
       1       1  -10.366945715  -11.860361524
       1       2  -10.324512015  -11.847304168
       1       3  -10.293770520  -11.785837571
       1       4   -9.887232077  -11.315784933
       1       5   -9.882769023  -11.344580296
       1       6   -9.871416781  -11.305017970
       1       7   -8.294746791   -9.316257736
       1       8   -8.273725084   -9.333452484
       1       9   -8.249683311   -9.280489272
       1      10    1.627797496    1.487217489
       1      11    1.960059977    1.853461276
       1      12    2.097684547    2.025381009
  0.347344000  0.305302000  0.000000000      12
       1       1  -10.357953308  -11.850433174
       1       2  -10.315486958  -11.837338840
       1       3  -10.284845411  -11.775913113
       1       4   -9.889945365  -11.319734932
       1       5   -9.884631998  -11.347489821
       1       6   -9.872364260  -11.306874058
       1       7   -8.303072294   -9.324820085
       1       8   -8.282804726   -9.342593389
       1       9   -8.259450045   -9.290197305
       1      10    1.639290512    1.500860291
       1      11    1.973073719    1.868806183
       1      12    2.108553708    2.037483074
  0.346844000  0.306303000  0.000000000      12
       1       1  -10.348937603  -11.840481114
       1       2  -10.306432961  -11.827344552
       1       3  -10.275896942  -11.765965008
       1       4   -9.892928481  -11.324048541
       1       5   -9.886762260  -11.350758856
       1       6   -9.873575514  -11.309085384
       1       7   -8.311087504   -9.332978014
       1       8   -8.291585744   -9.351343591
       1       9   -8.268931820   -9.299530211
       1      10    1.650726595    1.514417684
       1      11    1.986127395    1.884191027
       1      12    2.119353564    2.049501176
  0.346343000  0.307304000  0.000000000      12
       1       1  -10.339899268  -11.830506000
       1       2  -10.297350047  -11.817321330
       1       3  -10.266925260  -11.755993418
       1       4   -9.896183730  -11.328727642
       1       5   -9.889154587  -11.354381848
       1       6   -9.875013896  -11.311615037
       1       7   -8.318788902   -9.340728408
       1       8   -8.300063437   -9.359698696
       1       9   -8.278121427   -9.308481006
       1      10    1.662097381    1.527879354
       1      11    1.999220958    1.899615760
       1      12    2.130076115    2.061426212
  0.345843000  0.308305000  0.000000000      12
       1       1  -10.330839044  -11.820508566
       1       2  -10.288238215  -11.807269170
       1       3  -10.257931273  -11.745999248
       1       4   -9.899713176  -11.333773818
       1       5   -9.891817518  -11.358366861
       1       6   -9.876704020  -11.314487210
       1       7   -8.326173287   -9.348068624
       1       8   -8.308233950   -9.367655294
       1       9   -8.287015297   -9.317046423
       1      10    1.673393616    1.541233967
       1      11    2.012354370    1.915080345
       1      12    2.140712652    2.073248271
  0.345342000  0.309306000  0.000000000      12
       1       1  -10.321757824  -11.810489703
       1       2  -10.279097490  -11.797188098
       1       3  -10.248915794  -11.735983322
       1       4   -9.903518494  -11.339188089
       1       5   -9.894754652  -11.362716860
       1       6   -9.878649586  -11.317705001
       1       7   -8.333237768   -9.354996474
       1       8   -8.316093491   -9.375210200
       1       9   -8.295608905   -9.325222422
       1      10    1.684605015    1.554469019
       1      11    2.025527574    1.930584723
       1      12    2.151253697    2.084956575
  0.344842000  0.310307000  0.000000000      12
       1       1  -10.312656613  -11.800450428
       1       2  -10.269927869  -11.787078113
       1       3  -10.239879748  -11.725946589
       1       4   -9.907600930  -11.344970881
       1       5   -9.897969324  -11.367434394
       1       6   -9.880853925  -11.321270977
       1       7   -8.339979795   -9.361510260
       1       8   -8.323638560   -9.382360675
       1       9   -8.303897963   -9.333005362
       1      10    1.695720169    1.567570751
       1      11    2.038740529    1.946128854
       1      12    2.161688923    2.096539382
  0.344341000  0.311308000  0.000000000      12
       1       1  -10.303536415  -11.790391785
       1       2  -10.260729314  -11.776939176
       1       3  -10.230824161  -11.715890122
       1       4   -9.911945585  -11.351106449
       1       5   -9.901432365  -11.372489290
       1       6   -9.883316754  -11.325183735
       1       7   -8.346396526   -9.367608150
       1       8   -8.330864224   -9.389102755
       1       9   -8.311878193   -9.340391778
       1      10    1.706726374    1.580523975
       1      11    2.051993202    1.961712704
       1      12    2.172007105    2.107983946
  0.343841000  0.312309000  0.000000000      12
       1       1  -10.294399039  -11.780315602
       1       2  -10.251501953  -11.766771416
       1       3  -10.221750475  -11.705815420
       1       4   -9.916583950  -11.357624840
       1       5   -9.905210692  -11.377947509
       1       6   -9.886046666  -11.329451152
       1       7   -8.352487439   -9.373290699
       1       8   -8.337771192   -9.395438087
       1       9   -8.319546324   -9.347379351
       1      10    1.717609460    1.593311927
       1      11    2.065285481    1.977336164
       1      12    2.182195931    2.119276307
  0.343340000  0.313310000  0.000000000      12
       1       1  -10.285234023  -11.770211539
       1       2  -10.242217646  -11.756546694
       1       3  -10.212653975  -11.695717888
       1       4   -9.921488471  -11.364497396
       1       5   -9.909250640  -11.383754052
       1       6   -9.889038939  -11.334066894
       1       7   -8.358250082   -9.378556744
       1       8   -8.344354170   -9.401362677
       1       9   -8.326898319   -9.353965178
       1      10    1.728353655    1.605916137
       1      11    2.078617334    1.992999199
       1      12    2.192242073    2.130401376
  0.342840000  0.314311000  0.000000000      12
       1       1  -10.276067276  -11.760105576
       1       2  -10.232932696  -11.746321312
       1       3  -10.203548164  -11.685611197
       1       4   -9.926680998  -11.371744315
       1       5   -9.913589324  -11.389944735
       1       6   -9.892259619  -11.338995686
       1       7   -8.363683958   -9.383407130
       1       8   -8.350612396   -9.406877039
       1       9   -8.333929654   -9.360146074
       1      10    1.738941329    1.618316221
       1      11    2.091988684    2.008701733
       1      12    2.202130960    2.141342699
  0.342339000  0.315312000  0.000000000      12
       1       1  -10.266889497  -11.749988620
       1       2  -10.223618956  -11.736067128
       1       3  -10.194430496  -11.675492926
       1       4   -9.932156938  -11.379359418
       1       5   -9.918246575  -11.396537919
       1       6   -9.895791084  -11.344318379
       1       7   -8.368788123   -9.387842404
       1       8   -8.356544246   -9.411980991
       1       9   -8.340641314   -9.365924268
       1      10    1.749352795    1.630489716
       1      11    2.105399423    2.024443657
       1      12    2.211846736    2.152082442
  0.341839000  0.316313000  0.000000000      12
       1       1  -10.257703494  -11.739863774
       1       2  -10.214276412  -11.725784126
       1       3  -10.185302994  -11.665365461
       1       4   -9.937904761  -11.387329307
       1       5   -9.923194573  -11.403504131
       1       6   -9.899589716  -11.349989276
       1       7   -8.373562139   -9.391863721
       1       8   -8.362147440   -9.416673882
       1       9   -8.347028598   -9.371296704
       1      10    1.759566097    1.642411945
       1      11    2.118849493    2.040224915
       1      12    2.221372135    2.162601279
  0.341338000  0.317314000  0.000000000      12
       1       1  -10.248512794  -11.729735010
       1       2  -10.204905092  -11.715472340
       1       3  -10.176168987  -11.655232590
       1       4   -9.943911870  -11.395639278
       1       5   -9.928417552  -11.410825869
       1       6   -9.903652693  -11.356003346
       1       7   -8.378006013   -9.395472767
       1       8   -8.367420690   -9.420956133
       1       9   -8.353089302   -9.376262864
       1      10    1.769556691    1.654055791
       1      11    2.132338795    2.056045405
       1      12    2.230688372    2.172878344
  0.340838000  0.318315000  0.000000000      12
       1       1  -10.239322113  -11.719607674
       1       2  -10.195505015  -11.705131788
       1       3  -10.167032686  -11.645099182
       1       4   -9.950181807  -11.404290414
       1       5   -9.933932591  -11.418518410
       1       6   -9.907978896  -11.362357051
       1       7   -8.382120286   -9.398671829
       1       8   -8.372363555   -9.424829081
       1       9   -8.358821644   -9.380822773
       1      10    1.779297196    1.665391574
       1      11    2.145867196    2.071904998
       1      12    2.239775003    2.182891165
  0.340337000  0.319316000  0.000000000      12
       1       1  -10.230137262  -11.709488530
       1       2  -10.186076224  -11.694762522
       1       3  -10.157899382  -11.634971503
       1       4   -9.956707836  -11.413273161
       1       5   -9.939739826  -11.426579984
       1       6   -9.912564289  -11.369043461
       1       7   -8.385905797   -9.401463564
       1       8   -8.376975703   -9.428294277
       1       9   -8.364224158   -9.384976888
       1      10    1.788757085    1.676386917
       1      11    2.159434533    2.087803526
       1      12    2.248609818    2.192615719
  0.339837000  0.320317000  0.000000000      12
       1       1  -10.220960118  -11.699380787
       1       2  -10.176608844  -11.684354671
       1       3  -10.148754238  -11.624836015
       1       4   -9.963469185  -11.422563479
       1       5   -9.945835406  -11.435004750
       1       6   -9.917396242  -11.376046643
       1       7   -8.389363779   -9.403851079
       1       8   -8.381257166   -9.431353718
       1       9   -8.369295731   -9.388726124
       1      10    1.797902448    1.687006727
       1      11    2.173040632    2.103740818
       1      12    2.257168673    2.202026505
  0.339336000  0.321318000  0.000000000      12
       1       1  -10.211780856  -11.689277047
       1       2  -10.167122535  -11.673927909
       1       3  -10.139635791  -11.614733797
       1       4   -9.970477525  -11.432168636
       1       5   -9.952225870  -11.443797199
       1       6   -9.922473246  -11.383360452
       1       7   -8.392495842   -9.405837889
       1       8   -8.385208428   -9.434009909
       1       9   -8.374035495   -9.392071747
       1      10    1.806695734    1.697213227
       1      11    2.186685239    2.119716620
       1      12    2.265425360    2.211096876
  0.338836000  0.322319000  0.000000000      12
       1       1  -10.202667917  -11.679248907
       1       2  -10.157607847  -11.663472798
       1       3  -10.130561053  -11.604684800
       1       4   -9.977708254  -11.442058879
       1       5   -9.958906751  -11.452950747
       1       6   -9.927790497  -11.390974983
       1       7   -8.395304067   -9.407428004
       1       8   -8.388830272   -9.436265720
       1       9   -8.378443295   -9.395015799
       1      10    1.815095369    1.706965912
       1      11    2.200368041    2.135730618
       1      12    2.273351208    2.219799408
  0.338335000  0.323320000  0.000000000      12
       1       1  -10.193607711  -11.669288068
       1       2  -10.148064657  -11.652989243
       1       3  -10.121532015  -11.594696219
       1       4   -9.985140860  -11.452206324
       1       5   -9.965876566  -11.462461753
       1       6   -9.933325464  -11.398860302
       1       7   -8.397790840   -9.408625746
       1       8   -8.392123873   -9.438124448
       1       9   -8.382518889   -9.397560346
       1      10    1.823055902    1.716222142
       1      11    2.214088598    2.151782372
       1      12    2.280914966    2.228107248
  0.337835000  0.324321000  0.000000000      12
       1       1  -10.184623750  -11.659426418
       1       2  -10.138493051  -11.642477369
       1       3  -10.112570057  -11.584797504
       1       4   -9.992749150  -11.462574324
       1       5   -9.973133551  -11.472326245
       1       6   -9.939056126  -11.406984067
       1       7   -8.399959020   -9.409435892
       1       8   -8.395090774   -9.439589793
       1       9   -8.386262462   -9.399707955
       1      10    1.830527830    1.724937457
       1      11    2.227846325    2.167871297
       1      12    2.288082066    2.235996098
  0.337334000  0.325322000  0.000000000      12
       1       1  -10.175760906  -11.649899533
       1       2  -10.128919654  -11.632180352
       1       3  -10.103711582  -11.575267164
       1       4  -10.000498049  -11.472130224
       1       5   -9.980683331  -11.481609028
       1       6   -9.944953447  -11.414429956
       1       7   -8.401811972   -9.410549344
       1       8   -8.397732995   -9.441334358
       1       9   -8.389674508   -9.402099229
       1      10    1.837457766    1.732445626
       1      11    2.241640307    2.183241599
       1      12    2.294813677    2.243449136
  0.336834000  0.326323000  0.000000000      12
       1       1  -10.167043412  -11.640910779
       1       2  -10.119291774  -11.622285465
       1       3  -10.094987309  -11.566373306
       1       4  -10.008334542  -11.479740165
       1       5   -9.988507751  -11.489247273
       1       6   -9.950968563  -11.420200271
       1       7   -8.403353512   -9.412739542
       1       8   -8.400052485   -9.444105645
       1       9   -8.392755304   -9.405440827
       1      10    1.843788952    1.738076540
       1      11    2.255469195    2.197059808
       1      12    2.301064858    2.250482329
  0.336333000  0.327324000  0.000000000      12
       1       1  -10.158553810  -11.632156829
       1       2  -10.109636264  -11.612363053
       1       3  -10.086467634  -11.557691481
       1       4  -10.016185298  -11.487410062
       1       5   -9.996611475  -11.497223808
       1       6   -9.957037685  -11.426083450
       1       7   -8.404588352   -9.414568418
       1       8   -8.402051946   -9.446498064
       1       9   -8.395505313   -9.408387862
       1      10    1.849461854    1.743122077
       1      11    2.269330692    2.210916803
       1      12    2.306781042    2.257100309
  0.335833000  0.328325000  0.000000000      12
       1       1  -10.150397829  -11.623746469
       1       2  -10.099953730  -11.602413771
       1       3  -10.078249846  -11.549322048
       1       4  -10.023920357  -11.495007661
       1       5  -10.004955852  -11.505500455
       1       6   -9.963058638  -11.431974554
       1       7   -8.405522351   -9.416039810
       1       8   -8.403734127   -9.448513825
       1       9   -8.397924272   -9.410940974
       1      10    1.854415362    1.747530197
       1      11    2.283220792    2.224807121
       1      12    2.311891229    2.263315165
  0.335332000  0.329326000  0.000000000      12
       1       1  -10.142747809  -11.615856914
       1       2  -10.090245617  -11.592439167
       1       3  -10.070486960  -11.541422759
       1       4  -10.031404097  -11.502393177
       1       5  -10.013606195  -11.514142896
       1       6   -9.968881640  -11.437719302
       1       7   -8.406163685   -9.417158854
       1       8   -8.405102442   -9.450155841
       1       9   -8.400010293   -9.413100326
       1      10    1.858588177    1.751248042
       1      11    2.297131433    2.238721237
       1      12    2.316295361    2.269171949
  0.334832000  0.330327000  0.000000000      12
       1       1  -10.135856686  -11.608749068
       1       2  -10.080489276  -11.582416825
       1       3  -10.063412351  -11.534234396
       1       4  -10.038344950  -11.509267774
       1       5  -10.022511333  -11.523100112
       1       6   -9.974258398  -11.443062085
       1       7   -8.406525454   -9.417933316
       1       8   -8.406160170   -9.451426917
       1       9   -8.401756961   -9.414864059
       1      10    1.861920812    1.754223192
       1      11    2.311044186    2.252639230
       1      12    2.319845054    2.274722153
  0.334331000  0.331328000  0.000000000      12
       1       1  -10.130166762  -11.602878098
       1       2  -10.070745407  -11.572408143
       1       3  -10.057418032  -11.528160241
       1       4  -10.044323248  -11.515199809
       1       5  -10.031677340  -11.532377805
       1       6   -9.978813495  -11.447615997
       1       7   -8.406910991   -9.452330505
       1       8   -8.406634217   -9.418378223
       1       9   -8.403144984   -9.416223595
       1      10    1.864357689    1.756404906
       1      11    2.322340021    2.279778182
       1      12    2.324904712    2.266505244
  0.333831000  0.332329000  0.000000000      12
       1       0    0.000000000            NaN
       1       1  -10.126253089  -11.598838394
       1       2  -10.061033402  -11.562435891
       1       3  -10.053041918  -11.523752967
       1       4  -10.048713492  -11.519547013
       1       5  -10.041045468  -11.541914099
       1       6   -9.981999143  -11.450816442
       1       7   -8.407358823   -9.452870351
       1       8   -8.406558831   -9.418535986
       1       9   -8.404113215   -9.417143581
       1      10    1.865849685    1.757745762
       1      11    2.323640486    2.283386792
  0.333330000  0.333330000  0.000000000      12
       1       0    0.000000000            NaN
       1       1  -10.124802681  -11.597340798
       1       2  -10.052902188  -11.554121409
       1       3  -10.051075714  -11.521778045
       1       4  -10.050687303  -11.521504866
       1       5  -10.049062538  -11.550083408
       1       6   -9.983185586  -11.452012611
       1       7   -8.407507801   -9.453050136
       1       8   -8.406478815   -9.418541859
       1       9   -8.404490264   -9.417496746
       1      10    1.866356459    1.758203184
       1      11    2.323953511    2.284524200
  0.332830000  0.332830000  0.000000000      12
       1       0    0.000000000   -0.596462179
       1       1  -10.126322803  -11.598912780
       1       2  -10.061195261  -11.562628664
       1       3  -10.051453212  -11.522332685
       1       4  -10.050307206  -11.520973650
       1       5  -10.040882598  -11.541720505
       1       6   -9.981922439  -11.450734077
       1       7   -8.407359631   -9.452870989
       1       8   -8.406553092   -9.418526013
       1       9   -8.404120527   -9.417154784
       1      10    1.865839475    1.757732686
       1      11    2.323859465    2.283955304
  0.332329000  0.332329000  0.000000000      12
       1       1  -10.130639930  -11.603385076
       1       2  -10.071337907  -11.573124295
       1       3  -10.054576850  -11.525715840
       1       4  -10.047160100  -11.517649366
       1       5  -10.031074138  -11.531651592
       1       6   -9.978294619  -11.447055070
       1       7   -8.406920905   -9.452339812
       1       8   -8.406603927   -9.418326976
       1       9   -8.403194756   -9.416293029
       1      10    1.864289078    1.756312376
       1      11    2.323912634    2.283400838
       1      12    2.324669949    2.266275715
  0.331829000  0.331829000  0.000000000      12
       1       1  -10.137207351  -11.610202874
       1       2  -10.081772908  -11.583977351
       1       3  -10.059828500  -11.531311340
       1       4  -10.041956068  -11.512246740
       1       5  -10.021223497  -11.521536499
       1       6   -9.972797110  -11.441471186
       1       7   -8.406460139   -9.417819346
       1       8   -8.406198051   -9.451463513
       1       9   -8.401896832   -9.415050305
       1      10    1.861708418    1.753928964
       1      11    2.310583863    2.252189551
       1      12    2.324399047    2.283956000
  0.331328000  0.331328000  0.000000000      12
       1       1  -10.145419952  -11.618751156
       1       2  -10.092475876  -11.595161621
       1       3  -10.066639494  -11.538561010
       1       4  -10.035290332  -11.505354953
       1       5  -10.011281876  -11.511328751
       1       6   -9.965956470  -11.434515404
       1       7   -8.406062773   -9.416969070
       1       8   -8.405192945   -9.450243686
       1       9   -8.400289400   -9.413463115
       1      10    1.858097731    1.750563850
       1      11    2.296322698    2.237928339
       1      12    2.325362456    2.285877606
  0.330828000  0.330828000  0.000000000      12
       1       1  -10.154774071  -11.628515906
       1       2  -10.103397941  -11.606625429
       1       3  -10.074551461  -11.546997558
       1       4  -10.027670386  -11.497490562
       1       5  -10.001325310  -11.501106139
       1       6   -9.958234589  -11.426657689
       1       7   -8.405396356   -9.415774095
       1       8   -8.403914522   -9.448689925
       1       9   -8.398405641   -9.411553687
       1      10    1.853494639    1.746231634
       1      11    2.281997780    2.223603396
       1      12    2.326603867    2.288559526
  0.330327000  0.330327000  0.000000000      12
       1       1  -10.164982104  -11.639204869
       1       2  -10.114565316  -11.618396658
       1       3  -10.083295019  -11.556347307
       1       4  -10.019373307  -11.488935699
       1       5   -9.991292202  -11.490806235
       1       6   -9.949887822  -11.418159977
       1       7   -8.404454110   -9.414230592
       1       8   -8.402362687   -9.446801414
       1       9   -8.396252024   -9.409323704
       1      10    1.847915171    1.740926267
       1      11    2.267570672    2.209176282
       1      12    2.327640258    2.290651682
  0.329827000  0.329827000  0.000000000      12
       1       1  -10.175804940  -11.650572811
       1       2  -10.125945321  -11.630439790
       1       3  -10.092655260  -11.566388153
       1       4  -10.010650087  -11.479946356
       1       5   -9.981273725  -11.480521382
       1       6   -9.941141909  -11.409252941
       1       7   -8.403240523   -9.412348259
       1       8   -8.400548719   -9.444591102
       1       9   -8.393846517   -9.406789275
       1      10    1.841424923    1.734689528
       1      11    2.253107304    2.194712925
       1      12    2.327781897    2.291008127
  0.329326000  0.329326000  0.000000000      12
       1       1  -10.187148014  -11.662524478
       1       2  -10.137568310  -11.642787385
       1       3  -10.102540398  -11.577027526
       1       4  -10.001585939  -11.470609286
       1       5   -9.971205467  -11.470186149
       1       6   -9.932077240  -11.400019291
       1       7   -8.401753506   -9.410124131
       1       8   -8.398470519   -9.442055688
       1       9   -8.391186911   -9.403946666
       1      10    1.834048097    1.727525512
       1      11    2.238554269    2.180159922
       1      12    2.326626270    2.289873357
  0.328826000  0.328826000  0.000000000      12
       1       1  -10.198882501  -11.674926574
       1       2  -10.149385278  -11.655387060
       1       3  -10.112829383  -11.588138742
       1       4   -9.992311638  -11.461058075
       1       5   -9.961138331  -11.459852536
       1       6   -9.922835322  -11.390603226
       1       7   -8.400002866   -9.407572292
       1       8   -8.396141599   -9.439210960
       1       9   -8.388290483   -9.400813465
       1      10    1.825868448    1.719498694
       1      11    2.223972310    2.165578017
       1      12    2.324271150    2.287976043
  0.328325000  0.328325000  0.000000000      12
       1       1  -10.210984353  -11.687756165
       1       2  -10.161431786  -11.668276969
       1       3  -10.123505279  -11.599706094
       1       4   -9.982822981  -11.451288571
       1       5   -9.951011559  -11.449458734
       1       6   -9.913374074  -11.380963355
       1       7   -8.397985826   -9.404687876
       1       8   -8.393557817   -9.436051224
       1       9   -8.385151275   -9.397382699
       1      10    1.816909845    1.710618313
       1      11    2.209304882    2.150910664
       1      12    2.320948755    2.285563033
  0.327825000  0.327825000  0.000000000      12
       1       1  -10.223366522  -11.700922045
       1       2  -10.173657309  -11.681402638
       1       3  -10.134485333  -11.611641573
       1       4   -9.973207637  -11.441390376
       1       5   -9.940876079  -11.439056749
       1       6   -9.903795041  -11.371202914
       1       7   -8.395715194   -9.401488161
       1       8   -8.390734746   -9.432594914
       1       9   -8.381787672   -9.393674059
       1      10    1.807264757    1.700964811
       1      11    2.194611816    2.136217698
       1      12    2.316851844    2.282666439
  0.327324000  0.327324000  0.000000000      12
       1       1  -10.236046314  -11.714443577
       1       2  -10.186105295  -11.694810483
       1       3  -10.145783162  -11.623961141
       1       4   -9.963454106  -11.431351435
       1       5   -9.930691455  -11.428605085
       1       6   -9.894084868  -11.361308525
       1       7   -8.393186790   -9.397966217
       1       8   -8.387666335   -9.428834072
       1       9   -8.378191715   -9.389678506
       1      10    1.796950264    1.690546922
       1      11    2.179835344    2.121441354
       1      12    2.312076867    2.279279960
  0.326824000  0.326824000  0.000000000      12
       1       1  -10.248948509  -11.728241208
       1       2  -10.198720657  -11.708440904
       1       3  -10.157330358  -11.636590985
       1       4   -9.953620723  -11.421231640
       1       5   -9.920498421  -11.418145547
       1       6   -9.884300271  -11.351338149
       1       7   -8.390415724   -9.394142072
       1       8   -8.384370051   -9.424789595
       1       9   -8.374383094   -9.385417736
       1      10    1.786060778    1.679454323
       1      11    2.165035285    2.106641449
       1      12    2.306716801    2.275436067
  0.326323000  0.326323000  0.000000000      12
       1       1  -10.262105217  -11.742349716
       1       2  -10.211548491  -11.722342333
       1       3  -10.169154472  -11.649561742
       1       4   -9.943682488  -11.411005158
       1       5   -9.910256261  -11.407636358
       1       6   -9.874415377  -11.341265553
       1       7   -8.387396015   -9.390006488
       1       8   -8.380837913   -9.420451229
       1       9   -8.370351804   -9.380880434
       1      10    1.774603100    1.667690584
       1      11    2.150153159    2.091759509
       1      12    2.300803948    2.271145864
  0.325823000  0.325823000  0.000000000      12
       1       1  -10.275448083  -11.756696067
       1       2  -10.224532287  -11.736453211
       1       3  -10.181193006  -11.662805152
       1       4   -9.933689824  -11.400723795
       1       5   -9.900005910  -11.397119521
       1       6   -9.864479588  -11.331141177
       1       7   -8.384144850   -9.385582073
       1       8   -8.377089177   -9.415842204
       1       9   -8.366119050   -9.376090395
       1      10    1.762669754    1.655349297
       1      11    2.135249023    2.076855591
       1      12    2.294404480    2.266454876
  0.325322000  0.325322000  0.000000000      12
       1       1  -10.289017209  -11.772022593
       1       2  -10.237718721  -11.751604221
       1       3  -10.193481143  -11.677194251
       1       4   -9.923611001  -11.390168174
       1       5   -9.889706404  -11.386381404
       1       6   -9.854460782  -11.320809949
       1       7   -8.380654380   -9.380044125
       1       8   -8.373113972   -9.410341471
       1       9   -8.361672923   -9.370623344
       1      10    1.750256259    1.642046280
       1      11    2.120263859    2.061870858
       1      12    2.287528970    2.262564943
  0.324822000  0.324822000  0.000000000      12
       1       1  -10.302749022  -11.785760444
       1       2  -10.251057321  -11.764949471
       1       3  -10.205961735  -11.689682470
       1       4   -9.913502708  -11.380059756
       1       5   -9.879425747  -11.376100747
       1       6   -9.844409880  -11.310758926
       1       7   -8.376943751   -9.376325976
       1       8   -8.368933503   -9.406154353
       1       9   -8.357036133   -9.365980658
       1      10    1.737451637    1.629241643
       1      11    2.105258046    2.046865046
       1      12    2.280236692    2.255272686
  0.324321000  0.324321000  0.000000000      12
       1       1  -10.316691108  -11.799346949
       1       2  -10.264584773  -11.778135694
       1       3  -10.218670146  -11.702008295
       1       4   -9.903319198  -11.367707355
       1       5   -9.869079721  -11.363691629
       1       6   -9.834308599  -11.298597386
       1       7   -8.373003256   -9.374510130
       1       8   -8.364535579   -9.403773597
       1       9   -8.352195228   -9.363011330
       1      10    1.724240656    1.611190839
       1      11    2.090172104    2.026097145
       1      12    2.272527374    2.243446179
  0.323821000  0.323821000  0.000000000      12
       1       1  -10.330770567  -11.813189475
       1       2  -10.278252397  -11.791578496
       1       3  -10.231550678  -11.714638295
       1       4   -9.893106073  -11.355895563
       1       5   -9.858742168  -11.351834830
       1       6   -9.824156377  -11.286926702
       1       7   -8.368853483   -9.371895061
       1       8   -8.359942847   -9.400639793
       1       9   -8.347173612   -9.359344417
       1      10    1.710708563    1.594097562
       1      11    2.075066778    2.006807759
       1      12    2.264458113    2.232347916
  0.323320000  0.323320000  0.000000000      12
       1       1  -10.345037368  -11.827242352
       1       2  -10.292094376  -11.805220554
       1       3  -10.244640160  -11.727506337
       1       4   -9.882814526  -11.344001061
       1       5   -9.848328228  -11.339898577
       1       6   -9.813933012  -11.275180874
       1       7   -8.364483006   -9.369033706
       1       8   -8.355141773   -9.397275194
       1       9   -8.341956154   -9.355461898
       1      10    1.696830651    1.576653700
       1      11    2.059882162    1.987430721
       1      12    2.256020985    2.220877803
  0.322820000  0.322820000  0.000000000      12
       1       1  -10.359479610  -11.841495111
       1       2  -10.306060152  -11.819012944
       1       3  -10.257884537  -11.740560063
       1       4   -9.872498974  -11.332084844
       1       5   -9.837906599  -11.327957646
       1       6   -9.803686760  -11.263414375
       1       7   -8.359914251   -9.365941492
       1       8   -8.350156336   -9.393697201
       1       9   -8.336569250   -9.351384099
       1      10    1.682688719    1.558955262
       1      11    2.044679356    1.968043866
       1      12    2.247272050    2.209103782
  0.322319000  0.322319000  0.000000000      12
       1       1  -10.374048446  -11.855898617
       1       2  -10.320200221  -11.833006215
       1       3  -10.271326349  -11.753841990
       1       4   -9.862119992  -11.320101225
       1       5   -9.827435613  -11.315964293
       1       6   -9.793378630  -11.251582248
       1       7   -8.355133846   -9.362610082
       1       8   -8.344971275   -9.389895433
       1       9   -8.330993781   -9.347096527
       1      10    1.668250069    1.540955271
       1      11    2.029398060    1.948570157
       1      12    2.238197172    2.196999418
  0.321819000  0.321819000  0.000000000      12
       1       1  -10.388729330  -11.870439455
       1       2  -10.334453727  -11.847140745
       1       3  -10.284907019  -11.767294832
       1       4   -9.851721016  -11.308100157
       1       5   -9.816957089  -11.303966413
       1       6   -9.783051462  -11.239733509
       1       7   -8.350165705   -9.359056846
       1       8   -8.339611882   -9.385889003
       1       9   -8.325257290   -9.342621007
       1      10    1.653593684    1.522746855
       1      11    2.014099755    1.929087812
       1      12    2.228851717    2.184632005
  0.321318000  0.321318000  0.000000000      12
       1       1  -10.403575165  -11.885170364
       1       2  -10.348873075  -11.861469027
       1       3  -10.298674604  -11.780966705
       1       4   -9.841261971  -11.296035251
       1       5   -9.806429129  -11.291916032
       1       6   -9.772665354  -11.227822247
       1       7   -8.344994714   -9.355271670
       1       8   -8.334061224   -9.381665823
       1       9   -8.319341060   -9.337943379
       1      10    1.638680194    1.504276350
       1      11    1.998723729    1.909519384
       1      12    2.219216072    2.171969689
  0.320818000  0.320818000  0.000000000      12
       1       1  -10.418521216  -11.900027406
       1       2  -10.363396204  -11.875929841
       1       3  -10.312568200  -11.794797574
       1       4   -9.830785893  -11.283956029
       1       5   -9.795893777  -11.279861271
       1       6   -9.762262951  -11.215897264
       1       7   -8.339646174   -9.351273764
       1       8   -8.328345856   -9.377246666
       1       9   -8.313272824   -9.333086014
       1      10    1.623586401    1.485634668
       1      11    1.983331846    1.889943470
       1      12    2.209345068    2.159079256
  0.320317000  0.320317000  0.000000000      12
       1       1  -10.433622080  -11.915065105
       1       2  -10.378076798  -11.890577022
       1       3  -10.326637695  -11.808837486
       1       4   -9.820251974  -11.271815331
       1       5   -9.785308907  -11.267753928
       1       6   -9.751803656  -11.203911924
       1       7   -8.334103272   -9.347051246
       1       8   -8.322447227   -9.372617763
       1       9   -8.307032331   -9.328033159
       1      10    1.608267511    1.466762725
       1      11    1.967863014    1.870282246
       1      12    2.199214369    2.145924176
  0.319817000  0.319817000  0.000000000      12
       1       1  -10.448812559  -11.930218742
       1       2  -10.392851955  -11.905348126
       1       3  -10.340821494  -11.823025295
       1       4   -9.809703197  -11.259662610
       1       5   -9.774716791  -11.255642350
       1       6   -9.741330084  -11.191914983
       1       7   -8.328392612   -9.342625066
       1       8   -8.316393084   -9.367801464
       1       9   -8.300648400   -9.322808612
       1      10    1.592798674    1.447749760
       1      11    1.952379463    1.850614675
       1      12    2.188878358    2.132570802
  0.319316000  0.319316000  0.000000000      12
       1       1  -10.464148721  -11.945544413
       1       2  -10.407776571  -11.920298287
       1       3  -10.355171107  -11.837412786
       1       4   -9.799098176  -11.247450105
       1       5   -9.764075074  -11.243478106
       1       6   -9.730801086  -11.179859237
       1       7   -8.322495739   -9.337981608
       1       8   -8.310163319   -9.362782356
       1       9   -8.294099311   -9.317395069
       1      10    1.577130675    1.428532286
       1      11    1.936819733    1.830862562
       1      12    2.178308585    2.118978522
  0.318816000  0.318816000  0.000000000      12
       1       1  -10.479564871  -11.960976589
       1       2  -10.422786977  -11.935363921
       1       3  -10.369624241  -11.851937700
       1       4   -9.788479943  -11.235227304
       1       5   -9.753426253  -11.231309772
       1       6   -9.720259339  -11.167793491
       1       7   -8.316440476   -9.333143466
       1       8   -8.303786796   -9.357584280
       1       9   -8.287414911   -9.311817682
       1      10    1.561337466    1.409198332
       1      11    1.921246412    1.811105232
       1      12    2.167559104    2.105213377
  0.318315000  0.318315000  0.000000000      12
       1       1  -10.495118085  -11.976572486
       1       2  -10.437929298  -11.950591495
       1       3  -10.384189057  -11.866608578
       1       4   -9.777806554  -11.222945875
       1       5   -9.742727731  -11.219088672
       1       6   -9.709663194  -11.155670030
       1       7   -8.310205657   -9.328094220
       1       8   -8.297241605   -9.352189916
       1       9   -8.280572050   -9.306057619
       1      10    1.545366567    1.389681162
       1      11    1.905597745    1.791264193
       1      12    2.156597901    2.091231216
  0.317815000  0.317815000  0.000000000      12
       1       1  -10.510744659  -11.992268262
       1       2  -10.453166917  -11.965944140
       1       3  -10.398896059  -11.881455622
       1       4   -9.767133692  -11.210667947
       1       5   -9.732049349  -11.206890725
       1       6   -9.699060852  -11.143543179
       1       7   -8.303822597   -9.322860306
       1       8   -8.290558691   -9.346625528
       1       9   -8.273601648   -9.300141417
       1      10    1.529290379    1.370067251
       1      11    1.889936539    1.771418987
       1      12    2.145478805    2.077097862
  0.317314000  0.317314000  0.000000000      12
       1       1  -10.526507520  -12.008127116
       1       2  -10.468533410  -11.981455891
       1       3  -10.413749816  -11.896483928
       1       4   -9.756403024  -11.198328796
       1       5   -9.721299821  -11.194618567
       1       6   -9.688424939  -11.131379492
       1       7   -8.297268650   -9.317423679
       1       8   -8.283713984   -9.340871520
       1       9   -8.266479659   -9.294049223
       1      10    1.513053397    1.350286857
       1      11    1.874200649    1.751490736
       1      12    2.134166394    2.062765778
  0.316814000  0.316814000  0.000000000      12
       1       1  -10.542328719  -12.024070653
       1       2  -10.483967398  -11.997064760
       1       3  -10.428694695  -11.911637114
       1       4   -9.745679871  -11.186000179
       1       5   -9.710537912  -11.182337042
       1       6   -9.677762924  -11.119192542
       1       7   -8.290573860   -9.311809967
       1       8   -8.276738645   -9.334954726
       1       9   -8.259236890   -9.287807784
       1      10    1.496728243    1.330426672
       1      11    1.858453455    1.731559553
       1      12    2.122714974    2.048301274
  0.316313000  0.316313000  0.000000000      12
       1       1  -10.558268769  -12.040159797
       1       2  -10.499521816  -12.012824300
       1       3  -10.443748849  -11.926934041
       1       4   -9.734875906  -11.173587362
       1       5   -9.699725946  -11.170002394
       1       6   -9.667038077  -11.106939529
       1       7   -8.283713998   -9.305999363
       1       8   -8.269608025   -9.328854812
       1       9   -8.251847907   -9.281395725
       1      10    1.480256931    1.310414496
       1      11    1.842632470    1.711546217
       1      12    2.111086549    2.033654253
  0.315813000  0.315813000  0.000000000      12
       1       1  -10.574264363  -12.056330524
       1       2  -10.515145589  -12.028682504
       1       3  -10.458899364  -11.942360706
       1       4   -9.724061838  -11.161167495
       1       5   -9.688907301  -11.157664082
       1       6   -9.656303387  -11.094679556
       1       7   -8.276721980   -9.300020705
       1       8   -8.262354616   -9.322600269
       1       9   -8.244345435   -9.274841978
       1      10    1.463711266    1.290336199
       1      11    1.826801181    1.691530951
       1      12    2.099334833    2.018890437
  0.315312000  0.315312000  0.000000000      12
       1       1  -10.590376059  -12.072643946
       1       2  -10.530890597  -12.044692031
       1       3  -10.474182096  -11.957953862
       1       4   -9.713194705  -11.148691206
       1       5   -9.678038719  -11.145272767
       1       6   -9.645516176  -11.082363855
       1       7   -8.269572662   -9.293853095
       1       8   -8.254952396   -9.316169232
       1       9   -8.236702490   -9.268123487
       1      10    1.447031118    1.270117456
       1      11    1.810896806    1.671434236
       1      12    2.087419653    2.003957568
  0.314812000  0.314812000  0.000000000      12
       1       1  -10.606536281  -12.089031502
       1       2  -10.546690706  -12.060785495
       1       3  -10.489532253  -11.973647246
       1       4   -9.702318150  -11.136208574
       1       5   -9.667163601  -11.132877930
       1       6   -9.634719747  -11.070041844
       1       7   -8.262298053   -9.287524847
       1       8   -8.247434112   -9.309590764
       1       9   -8.228952514   -9.261270172
       1      10    1.430288481    1.249844324
       1      11    1.794983306    1.651336769
       1      12    2.075394892    1.988921540
  0.314311000  0.314311000  0.000000000      12
       1       1  -10.622806515  -12.105555385
       1       2  -10.562605920  -12.077023853
       1       3  -10.505007568  -11.989499693
       1       4   -9.691388906  -11.123669916
       1       5   -9.656238460  -11.120430006
       1       6   -9.623871135  -11.057664465
       1       7   -8.254872434   -9.281014288
       1       8   -8.239772806   -9.302841891
       1       9   -8.221067358   -9.254257663
       1      10    1.413421363    1.229440634
       1      11    1.778997499    1.631158634
       1      12    2.063218329    1.973728056
  0.313811000  0.313811000  0.000000000      12
       1       1  -10.639118777  -12.122146371
       1       2  -10.578569614  -12.093338936
       1       3  -10.520542724  -12.005444082
       1       4   -9.680450815  -11.111125511
       1       5   -9.645306926  -11.107978702
       1       6   -9.613013845  -11.045281337
       1       7   -8.247328723   -9.274350975
       1       8   -8.232002075   -9.295952820
       1       9   -8.213081256   -9.247116928
       1      10    1.396501678    1.208992361
       1      11    1.763003674    1.610980854
       1      12    2.050944017    1.958443185
  0.313310000  0.313310000  0.000000000      12
       1       1  -10.655535379  -12.138867640
       1       2  -10.594642631  -12.109792715
       1       3  -10.536196428  -12.021540425
       1       4   -9.669460321  -11.098525384
       1       5   -9.634325286  -11.095474228
       1       6   -9.602104629  -11.032843116
       1       7   -8.239639930   -9.267511764
       1       8   -8.224093766   -9.288899206
       1       9   -8.204964945   -9.239822324
       1      10    1.379465980    1.188421897
       1      11    1.746938327    1.590723190
       1      12    2.038527939    1.943010841
  0.312810000  0.312810000  0.000000000      12
       1       1  -10.671987955  -12.155649346
       1       2  -10.610757898  -12.126316295
       1       3  -10.551902880  -12.037720800
       1       4   -9.658461474  -11.085920020
       1       5   -9.623337393  -11.082966515
       1       6   -9.591187199  -11.020399626
       1       7   -8.231839834   -9.260527392
       1       8   -8.216082284   -9.281712344
       1       9   -8.196753416   -9.232405822
       1      10    1.362386184    1.167815219
       1      11    1.730866063    1.570466982
       1      12    2.026024375    1.927497324
  0.312309000  0.312309000  0.000000000      12
       1       1  -10.688541478  -12.172412035
       1       2  -10.626985066  -12.142786626
       1       3  -10.567725839  -12.053819985
       1       4   -9.647422104  -11.073909631
       1       5   -9.612322575  -11.071022512
       1       6   -9.580222759  -11.008446420
       1       7   -8.223900350   -9.252937976
       1       8   -8.207938690   -9.273899786
       1       9   -8.188416381   -9.224351530
       1      10    1.345197584    1.147235062
       1      11    1.714723012    1.550425462
       1      12    2.013387712    1.912032255
  0.311809000  0.311809000  0.000000000      12
       1       1  -10.705123427  -12.188979917
       1       2  -10.643240603  -12.158984959
       1       3  -10.583590756  -12.069603458
       1       4   -9.636363138  -11.062916383
       1       5   -9.601278347  -11.060012634
       1       6   -9.569245789  -10.997358122
       1       7   -8.215855845   -9.244521253
       1       8   -8.199697461   -9.265217920
       1       9   -8.179989470   -9.215401796
       1      10    1.327972198    1.126853262
       1      11    1.698574193    1.530861916
       1      12    2.000672521    1.896797142
  0.311308000  0.311308000  0.000000000      12
       1       1  -10.721799480  -12.205649488
       1       2  -10.659594892  -12.175290423
       1       3  -10.599562234  -12.085502880
       1       4   -9.625252151  -11.051871351
       1       5   -9.590183847  -11.048952578
       1       6   -9.558217230  -10.986218122
       1       7   -8.207677077   -9.235959951
       1       8   -8.191328568   -9.256399074
       1       9   -8.171441382   -9.206322196
       1      10    1.310644243    1.106360881
       1      11    1.682355431    1.511221602
       1      12    1.987831781    1.881430582
  0.310808000  0.310808000  0.000000000      12
       1       1  -10.738500598  -12.222351856
       1       2  -10.675980069  -12.191635494
       1       3  -10.615573614  -12.101452064
       1       4   -9.614133625  -11.040818739
       1       5   -9.579083377  -11.037886510
       1       6   -9.547181225  -10.975070993
       1       7   -8.199399424   -9.227290801
       1       8   -8.182867924   -9.247480812
       1       9   -8.162808525   -9.197151152
       1      10    1.293285812    1.085842720
       1      11    1.666131942    1.491583393
       1      12    1.974920349    1.865997568
  0.310307000  0.310307000  0.000000000      12
       1       1  -10.755291198  -12.239151545
       1       2  -10.692459174  -12.208083170
       1       3  -10.631686123  -12.117512152
       1       4   -9.602963200  -11.029714442
       1       5   -9.567932553  -11.026770182
       1       6   -9.536093738  -10.963872242
       1       7   -8.190992425   -9.218481628
       1       8   -8.174284116   -9.238429772
       1       9   -8.154058584   -9.187854109
       1      10    1.275830206    1.065219513
       1      11    1.649839302    1.471869210
       1      12    1.961889959    1.850439799
  0.309807000  0.309807000  0.000000000      12
       1       1  -10.772101945  -12.255979267
       1       2  -10.708964001  -12.224565471
       1       3  -10.647832723  -12.133616446
       1       4   -9.591785577  -11.018602885
       1       5   -9.556775902  -11.015647984
       1       6   -9.524999130  -10.952666664
       1       7   -8.182492205   -9.209570036
       1       8   -8.165613761   -9.229284336
       1       9   -8.145228632   -9.178470251
       1      10    1.258349661    1.044576211
       1      11    1.633543023    1.452158220
       1      12    1.948795792    1.834822592
  0.309306000  0.309306000  0.000000000      12
       1       1  -10.788985556  -12.272887870
       1       2  -10.725555898  -12.241143733
       1       3  -10.664061153  -12.149812625
       1       4   -9.580520644  -11.007404202
       1       5   -9.545562279  -11.004468909
       1       6   -9.513819156  -10.941375560
       1       7   -8.173866648   -9.200522169
       1       8   -8.156824298   -9.220009961
       1       9   -8.136284547   -9.168963184
       1      10    1.240776721    1.023832771
       1      11    1.617178440    1.432372101
       1      12    1.935588670    1.819086718
  0.308806000  0.308806000  0.000000000      12
       1       1  -10.805900704  -12.289835987
       1       2  -10.742170996  -12.257754208
       1       3  -10.680342458  -12.166071958
       1       4   -9.569316612  -10.996266348
       1       5   -9.534349544  -10.993290678
       1       6   -9.502678344  -10.930123886
       1       7   -8.165154359   -9.191378230
       1       8   -8.147953342   -9.210646133
       1       9   -8.127265965   -9.159374748
       1      10    1.223183654    1.003074182
       1      11    1.600811242    1.412590202
       1      12    1.922323687    1.803297407
