   0.00000    0.00000    0.00000  -18.87293  -18.79453  -18.64135   -7.16294   -6.48130   -5.60877   -1.35098   -1.35098   -1.39109   -1.39109   -1.33690   -1.33690    5.58764    6.36528    7.11568    9.37749   10.12754   11.93995   11.93995   12.01139   12.01139   11.98605   11.98605   12.91836   15.10156
   0.00000    0.02500    0.00000  -18.85696  -18.78056  -18.62564   -7.14444   -6.46195   -5.58942   -1.41728   -1.45667   -1.40188   -1.38603   -1.42561   -1.37092    5.60836    6.38569    7.13527    9.39693   10.14802   11.94451   12.01406   11.99147   12.00859   12.07985   12.05467   12.93599   15.04255
   0.00000    0.05000    0.00000  -18.81248  -18.73465  -18.58187   -7.08616   -6.40370   -5.53265   -1.61227   -1.64969   -1.59332   -1.48830   -1.52652   -1.47062    5.67049    6.44689    7.19404    9.45563   10.21264   11.95368   12.01803   12.00426   12.21168   12.28238   12.25761   12.98875   14.87116
   0.00000    0.07500    0.00000  -18.73680  -18.65936  -18.50719   -6.98825   -6.30694   -5.43810   -1.92532   -1.95979   -1.90123   -1.65010   -1.68655   -1.62914    5.77402    6.54888    7.29200    9.55324   10.32132   11.95614   12.01199   12.01543   12.54128   12.61092   12.58699   13.08257   14.58712
   0.00000    0.10000    0.00000  -18.62831  -18.55053  -18.40025   -6.85058   -6.17180   -5.30584   -2.34130   -2.37203   -2.31098   -1.86065   -1.89521   -1.83634    5.91893    6.69161    7.42914    9.69068   10.47960   11.93889   12.01368   11.97825   12.98587   13.05375   13.03118   14.16937   14.35845
   0.00000    0.12500    0.00000  -18.48828  -18.41148  -18.26182   -6.67571   -5.99866   -5.13635   -2.84304   -2.86935   -2.80570   -2.10791   -2.14062   -2.08044    6.10518    6.87499    7.60538    9.87050   10.70447   11.89183   11.98928   11.89094   13.53205   13.59724   13.57677   13.72956   13.90278
   0.00000    0.15000    0.00000  -18.31781  -18.24250  -18.09443   -6.46116   -5.78770   -4.93015   -3.41339   -3.43465   -3.36847   -2.37992   -2.41089   -2.34964    6.33272    7.09888    7.82063   10.09764   11.02595   11.80742   11.93595   11.71470   13.17766   13.37426   13.46148   14.16608   14.22646
   0.00000    0.17500    0.00000  -18.11779  -18.04187  -17.89778   -6.20882   -5.53871   -4.68771   -4.03620   -4.05180   -3.98330   -2.66581   -2.69517   -2.63307    6.60150    7.36309    8.07480   10.41848   11.37403   11.66022   11.84500   11.52784   12.54595   12.78389   12.88819   14.87267   14.93206
   0.00000    0.20000    0.00000  -17.88849  -17.81401  -17.66864   -5.91799   -5.25289   -4.69733   -4.70729   -4.63610   -4.40896   -2.95610   -2.98405   -2.92125    6.91144    7.66728    8.36883   11.04111   11.51520   11.44913   11.75481   11.64207   12.01030   12.04390   11.92067   14.04376   15.64214
   0.00000    0.22500    0.00000  -17.62770  -17.55418  -17.41268   -5.58993   -5.38463   -5.38798   -5.31597   -4.93017   -4.09601   -3.24291   -3.26959   -3.20627    7.26246    8.01099    8.70424   11.07501   11.24000   11.43796   11.42316   11.64210   11.64594   11.21052   11.80354   14.33334   16.46440
   0.00000    0.25000    0.00000  -17.33783  -17.26786  -17.12887   -6.08824   -6.08504   -6.01048   -5.22417   -4.57302   -3.74971   -3.51981   -3.54537   -3.48165    7.65450    8.39675    9.15966   10.31758   10.54416   10.84220   11.30977   11.46955   11.54436   11.40433   12.06664   14.65466   17.31916
   0.00000    0.27500    0.00000  -17.01708  -16.94922  -16.81346   -6.80135   -6.79311   -6.71553   -4.82301   -4.18210   -3.78158   -3.80630   -3.74211   -3.37177    8.08784    9.10801    9.73234    9.28436   10.13040    9.64726   11.18125   11.34888   11.41673   11.76337   12.40601   15.00561   18.20399
   0.00000    0.30000    0.00000  -16.67090  -16.60391  -16.47284   -7.51336   -7.49926   -7.42044   -4.38850   -4.02409   -4.04814   -3.98358   -3.75984   -2.96579    8.67022    9.04407    9.38913    8.57277    9.36479   10.07946   11.03401   11.22702   11.24840   12.18032   12.79182   15.38062   19.10263
   0.00000    0.32500    0.00000  -16.29314  -16.22794  -16.10199   -8.22455   -8.20428   -8.12316   -4.24418   -4.26761   -4.20280   -3.92336   -3.31000   -2.53594    7.88311    8.28927    8.65303    9.08449    9.86318   10.82040   10.88863   11.09331   10.89295   12.63992   13.21150   15.77971   18.36267
   0.00000    0.35000    0.00000  -15.89081  -15.82616  -15.70194   -8.91996   -8.89503   -8.81180   -4.43919   -4.46220   -4.39709   -3.43081   -2.83740   -2.08931    7.09331    7.52761    7.91956    9.66544   10.61941   10.78785   11.02703   10.78455   11.03976   13.13676   13.65666   16.19917   17.97060
   0.00000    0.37500    0.00000  -15.46305  -15.39873  -15.27916   -9.60394   -9.57413   -9.48671   -4.60713   -4.62972   -4.56442   -2.91808   -2.34962   -1.63633    6.33427    6.78510    7.19909   10.53380   10.58970   10.88866   10.82998   10.97818   11.53636   13.66629   14.12555   16.62930   17.41528
   0.00000    0.40000    0.00000  -15.01095  -14.94899  -14.82943  -10.26838  -10.23463  -10.14728   -4.74646   -4.76878   -4.70329   -2.39414   -1.85892   -1.19602    5.62570    6.07688    6.50543   10.63157   10.83952   10.90982   10.87054   11.56363   12.10938   14.60353   14.21968   16.74715   17.09826
   0.00000    0.42500    0.00000  -14.53642  -14.47783  -14.36454  -10.90543  -10.86881  -10.77989   -4.85595   -4.87809   -4.81249   -1.87603   -1.38791   -0.79878    5.00385    5.43226    5.86385   10.57215   10.78457   10.88454   11.49912   12.20924   12.72573   15.08325   14.80476   16.00433   16.73354
   0.00000    0.45000    0.00000  -14.05333  -13.99746  -13.88967  -11.50706  -11.46869  -11.37820   -4.93488   -4.95691   -4.89122   -1.39643   -0.97475   -0.49100    4.51761    4.89247    5.30926   10.52619   10.74237   10.84852   12.19215   12.89240   13.37762   15.21904   15.48174   15.39336   16.04464
   0.00000    0.47500    0.00000  -13.58798  -13.54360  -13.45166  -12.02387  -11.99511  -11.90655   -4.98236   -5.00439   -4.93852   -1.01752   -0.67896   -0.32159    4.21981    4.51968    4.90472   10.49820   10.71643   10.82491   12.91974   13.61226   14.08543   14.42361   15.10544   15.41391   16.08729
   0.02500    0.47500    0.00000  -13.39358  -13.36225  -13.28619  -12.18449  -12.17231  -12.09671   -5.04847   -5.06986   -5.00362   -0.88502   -0.58132   -0.27432    4.14847    4.41601    4.78277   10.56209   10.78147   10.89149   13.30793   13.99041   14.07683   14.40693   14.73937   15.09338   16.21732
   0.07500    0.45000    0.00000  -13.31599  -13.28376  -13.20847  -12.10694  -12.09493  -12.02091   -5.46048   -5.47725   -5.40805   -0.75785   -0.45383   -0.14783    4.14270    4.39117    4.72867   11.10630   11.33178   11.45189   13.41770   14.05882   14.17910   14.41930   14.78199   15.12494   16.00521
   0.12500    0.42500    0.00000  -13.15425  -13.12518  -13.04906  -11.95099  -11.94052  -11.86736   -6.19309   -6.20231   -6.12890   -0.50337   -0.19862    0.10544    4.11213    4.32002    4.59693   12.08369   12.32603   12.47669   13.63576   14.13976   14.28846   14.40241   14.77679   15.65644   15.22042
   0.17500    0.40000    0.00000  -12.91596  -12.88892  -12.81405  -11.72828  -11.72082  -11.64897   -7.11749   -7.11853   -7.04155   -0.12269    0.18471    0.48471    4.01650    4.15998    4.34708   13.28500   13.54641   13.78650   13.94509   14.06501   14.05189   14.53080   14.66432   15.42832   15.45295
   0.22500    0.37500    0.00000  -12.59968  -12.57610  -12.50076  -11.46489  -11.46284  -11.39346   -8.10200   -8.09751   -8.02039    0.38260    0.70064    0.98913    3.77022    3.85023    3.95981   13.36848   13.49502   14.02150   14.64421   14.43985   15.12018   15.37075   15.02197   15.59483   15.84235
   0.27500    0.35000    0.00000  -12.20745  -12.18543  -12.11125  -11.25611  -11.26334  -11.20314   -8.97301   -8.97478   -8.90703    1.00319    1.34983    1.61512    3.19717    3.33738    3.53034   12.99835   13.10863   13.59750   14.86690   15.49665   15.52260   16.14140   16.25788   16.90116   16.66367
   0.32500    0.32500    0.00000  -11.78085  -11.76019  -11.68522  -11.38367  -11.37977  -11.31434   -9.37767   -9.40766   -9.36765    1.63384    2.05221    2.25792    2.45703    2.68243    3.07961   12.84439   12.95025   13.42096   15.32295   15.60520   15.79595   16.41178   16.77625   17.06778   17.36009
   0.30000    0.30000    0.00000  -12.59567  -12.55853  -12.46160  -10.79479  -10.79185  -10.72705   -9.01365   -9.03004   -8.97575    0.63012    1.05892    1.51370    3.34078    3.65070    3.90479   12.97813   13.09474   13.57666   14.19985   15.80306   15.49726   15.83575   16.69306   16.02797   17.02159
   0.27500    0.27500    0.00000  -13.49921  -13.44947  -13.34389  -10.12281  -10.12471  -10.06168   -8.42083   -8.43550   -8.37787   -0.45529    0.02624    0.60894    4.35516    4.68050    4.89064   12.96282   13.05872   13.01919   13.70952   14.91513   15.09572   15.78777   15.57672   16.37662   16.73585
   0.25000    0.25000    0.00000  -14.37959  -14.32247  -14.20925   -9.38103   -9.38677   -9.32250   -7.71409   -7.73016   -7.67201   -1.52445   -0.99352   -0.32599    5.44555    5.76689    5.95605   11.71225   12.24540   12.60418   13.82070   14.45811   15.28133   15.39772   15.58599   15.55650   16.30557
   0.22500    0.22500    0.00000  -15.20343  -15.14095  -15.02246   -8.57080   -8.57836   -8.51763   -6.93564   -6.95417   -6.89640   -2.53912   -1.96661   -1.24262    6.60171    6.90691    7.08340   10.57070   11.21433   11.73280   13.72393   13.97197   14.41831   15.01206   15.00149   15.88851   15.93839
   0.20000    0.20000    0.00000  -15.95432  -15.88917  -15.76366   -7.69199   -7.70042   -7.64370   -6.11099   -6.13306   -6.07552   -3.47777   -2.87208   -2.10779    7.80816    8.09539    8.26184    9.53709   10.23064   10.81622   13.35340   13.14796   13.91114   14.33616   14.25410   15.59478   15.71698
   0.17500    0.17500    0.00000  -16.62728  -16.55869  -16.42624   -6.75537   -6.76975   -6.71263   -5.26353   -5.28955   -5.23222   -4.32398   -3.69457   -2.89828    9.04743    9.30786    9.46357    8.61968    9.34394    9.96994   12.25163   12.80807   13.45830   13.72095   13.58667   15.28950   15.40313
   0.15000    0.15000    0.00000  -17.21662  -17.14479  -17.00893   -5.77713   -5.79623   -5.73950   -5.06818   -4.41964   -4.44938   -4.39286   -4.42049   -3.60048    7.81777    8.55709   10.28877    9.23361   10.52027   10.67164   11.47942   12.20315   13.01519   13.18831   13.05454   14.94750   15.04581
   0.12500    0.12500    0.00000  -17.72017  -17.64537  -17.50467   -5.70502   -5.04412   -4.77893   -4.80237   -4.74523   -4.20482   -3.61045   -3.64334   -3.58709    7.13811    7.89070    8.58255   11.50026   11.69616   11.82798   10.84659   11.63060   12.63931   12.75917   12.65917   14.54270   14.62897
   0.10000    0.10000    0.00000  -18.13340  -18.05834  -17.91377   -6.22740   -5.55741   -4.70594   -3.79114   -3.81963   -3.76319   -2.87151   -2.90731   -2.85152    6.58073    7.34301    8.05579   10.31414   11.11790   12.29484   12.42418   12.29542   12.67859   12.86501   12.95112   14.02271   14.09702
   0.07500    0.07500    0.00000  -18.45783  -18.38131  -18.23100   -6.63661   -5.96021   -5.09884   -2.86690   -2.90003   -2.84399   -2.24163   -2.27955   -2.22427    6.14654    6.91575    7.64460    9.90473   10.69384   12.12185   12.20166   12.15318   13.36391   13.43331   13.41737   13.64483   13.81100
   0.05000    0.05000    0.00000  -18.68899  -18.61217  -18.46215   -6.92914   -6.24905   -5.38150   -2.08421   -2.12100   -2.06574   -1.75863   -1.79795   -1.74312    5.83613    6.61006    7.35081    9.61183   10.38204   12.00966   12.06102   12.06873   12.67340   12.74295   12.71985   13.17235   14.39430
   0.02500    0.02500    0.00000  -18.82859  -18.75024  -18.59656   -7.10571   -6.42306   -5.55151   -1.54549   -1.58461   -1.53028   -1.45455   -1.49467   -1.44017    5.64978    6.42650    7.17444    9.43601   10.19046   11.95551   12.02135   12.00407   12.14060   12.21138   12.18643   12.97114   14.92811
   0.00000    0.00000    0.00000  -18.87293  -18.79453  -18.64135   -7.16294   -6.48130   -5.60877   -1.35098   -1.35098   -1.39109   -1.39109   -1.33690   -1.33690    5.58764    6.36528    7.11568    9.37749   10.12754   11.93995   11.93995   12.01139   12.01139   11.98605   11.98605   12.91836   15.10156
