   0.32282    0.32282    0.00000        nan  -11.84150  -11.81901  -11.74056  -11.33208  -11.32796  -11.26341   -9.36594   -9.39370   -9.35138    1.55896    1.96804    2.20910    2.52164    2.76478    3.13567   12.85121   12.95786   13.42881   15.25274   15.62475   15.80789   16.36579   16.77866   17.05633   17.29390
   0.32332    0.32332    0.00000        nan  -11.82724  -11.80522  -11.72751  -11.34400  -11.33990  -11.27518   -9.36903   -9.39728   -9.35546    1.57665    1.98743    2.22088    2.50629    2.74583    3.12227   12.84953   12.95600   13.42687   15.26996   15.61992   15.80508   16.37694   16.77828   17.05915   17.30969
   0.32382    0.32382    0.00000        nan  -11.81319  -11.79158  -11.71464  -11.35590  -11.35183  -11.28693   -9.37190   -9.40064   -9.35934    1.59410    2.00681    2.23235    2.49120    2.72687    3.10915   12.84791   12.95420   13.42501   15.28659   15.61526   15.80229   16.38776   16.77780   17.06187   17.32514
   0.32432    0.32432    0.00000        nan  -11.79935  -11.77814  -11.70201  -11.36771  -11.36369  -11.29860   -9.37451   -9.40377   -9.36301    1.61119    2.02610    2.24345    2.47647    2.70800    3.09638   12.84637   12.95248   13.42324   15.30251   15.61082   15.79956   16.39819   16.77722   17.06447   17.34021
   0.32482    0.32482    0.00000        nan  -11.78576  -11.76495  -11.68968  -11.38006  -11.37610  -11.31076   -9.37633   -9.40615   -9.36598    1.62924    2.04687    2.25527    2.46078    2.68769    3.08296   12.84486   12.95072   13.42151   15.31983   15.60558   15.79595   16.41031   16.77412   17.06726   17.35789
   0.32432    0.32432    0.00000        nan  -11.79935  -11.77814  -11.70201  -11.36771  -11.36369  -11.29860   -9.37451   -9.40377   -9.36301    1.61119    2.02610    2.24345    2.47647    2.70800    3.09638   12.84637   12.95248   13.42324   15.30251   15.61082   15.79956   16.39819   16.77722   17.06447   17.34021
   0.32382    0.32382    0.00000        nan  -11.81319  -11.79158  -11.71464  -11.35590  -11.35183  -11.28693   -9.37190   -9.40064   -9.35934    1.59410    2.00681    2.23235    2.49120    2.72687    3.10915   12.84791   12.95420   13.42501   15.28659   15.61526   15.80229   16.38776   16.77780   17.06187   17.32514
   0.32332    0.32332    0.00000        nan  -11.82724  -11.80522  -11.72751  -11.34400  -11.33990  -11.27518   -9.36903   -9.39728   -9.35546    1.57665    1.98743    2.22088    2.50629    2.74583    3.12227   12.84953   12.95600   13.42687   15.26996   15.61992   15.80508   16.37694   16.77828   17.05915   17.30969
   0.32282    0.32282    0.00000        nan  -11.84150  -11.81901  -11.74056  -11.33208  -11.32796  -11.26341   -9.36594   -9.39370   -9.35138    1.55896    1.96804    2.20910    2.52164    2.76478    3.13567   12.85121   12.95786   13.42881   15.25274   15.62475   15.80789   16.36579   16.77866   17.05633   17.29390
   0.32232    0.32232    0.00000        nan  -11.85590  -11.83301  -11.75384  -11.32010  -11.31596  -11.25158   -9.36261   -9.38990   -9.34710    1.54096    1.94857    2.19700    2.53730    2.78381    3.14939   12.85296   12.95980   13.43083   15.23490   15.62974   15.81072   16.35425   16.77894   17.05338   17.27772
   0.32182    0.32182    0.00000        nan  -11.87044  -11.84714  -11.76729  -11.30810  -11.30397  -11.23973   -9.35906   -9.38589   -9.34262    1.52275    1.92909    2.18463    2.55318    2.80284    3.16335   12.85477   12.96180   13.43292   15.21657   15.63485   15.81355   16.34237   16.77915   17.05032   17.26122
   0.32132    0.32132    0.00000        nan  -11.88517  -11.86147  -11.78097  -11.29604  -11.29192  -11.22782   -9.35527   -9.38167   -9.33794    1.50428    1.90952    2.17197    2.56931    2.82195    3.17759   12.85665   12.96387   13.43510   15.19769   15.64007   15.81639   16.33012   16.77927   17.04714   17.24432
   0.32082    0.32082    0.00000        nan  -11.90003  -11.87593  -11.79480  -11.28396  -11.27986  -11.21590   -9.35127   -9.37725   -9.33309    1.48563    1.88994    2.15908    2.58563    2.84105    3.19204   12.85859   12.96600   13.43735   15.17839   15.64536   15.81920   16.31755   16.77933   17.04385   17.22711
   0.32032    0.32032    0.00000        nan  -11.91507  -11.89058  -11.80884  -11.27182  -11.26775  -11.20391   -9.34705   -9.37262   -9.32803    1.46676    1.87028    2.14592    2.60218    2.86024    3.20675   12.86060   12.96819   13.43967   15.15861   15.65073   15.82198   16.30460   16.77933   17.04044   17.20950
   0.31982    0.31982    0.00000        nan  -11.93022  -11.90535  -11.82303  -11.25966  -11.25564  -11.19191   -9.34263   -9.36780   -9.32281    1.44775    1.85061    2.13257    2.61888    2.87942    3.22163   12.86267   12.97045   13.44207   15.13847   15.65614   15.82473   16.29135   16.77927   17.03692   17.19158
   0.31932    0.31932    0.00000        nan  -11.94554  -11.92030  -11.83741  -11.24745  -11.24348  -11.17986   -9.33798   -9.36278   -9.31740    1.42853    1.83086    2.11898    2.63579    2.89868    3.23674   12.86480   12.97277   13.44454   15.11791   15.66159   15.82743   16.27775   16.77915   17.03327   17.17328
   0.31882    0.31882    0.00000        nan  -11.96098  -11.93536  -11.85194  -11.23523  -11.23131  -11.16779   -9.33314   -9.35758   -9.31182    1.40920    1.81111    2.10521    2.65282    2.91794    3.25200   12.86699   12.97514   13.44709   15.09703   15.66705   15.83008   16.26386   16.77898   17.02952   17.15467
   0.31832    0.31832    0.00000        nan  -11.97657  -11.95059  -11.86661  -11.22295  -11.21909  -11.15567   -9.32809   -9.35219   -9.30606    1.38968    1.79126    2.09123    2.67004    2.93727    3.26748   12.86924   12.97759   13.44970   15.07577   15.67254   15.83266   16.24964   16.77876   17.02564   17.13568
   0.31782    0.31782    0.00000        nan  -11.99227  -11.96594  -11.88146  -11.21067  -11.20689  -11.14354   -9.32286   -9.34663   -9.30014    1.37007    1.77142    2.07710    2.68736    2.95661    3.28308   12.87154   12.98008   13.45238   15.05424   15.67801   15.83517   16.23516   16.77847   17.02165   17.11639
   0.31731    0.31731    0.00000        nan  -12.00813  -11.98146  -11.89648  -11.19833  -11.19462  -11.13138   -9.31742   -9.34087   -9.29405    1.35029    1.75149    2.06277    2.70486    2.97602    3.29888   12.87391   12.98263   13.45514   15.03236   15.68350   15.83761   16.22037   16.77813   17.01753   17.09673
   0.31681    0.31681    0.00000        nan  -12.02407  -11.99706  -11.91164  -11.18600  -11.18234  -11.11919   -9.31181   -9.33495   -9.28781    1.33043    1.73156    2.04830    2.72244    2.99543    3.31479   12.87632   12.98524   13.45796   15.01025   15.68895   15.83997   16.20535   16.77773   17.01331   17.07679
   0.31631    0.31631    0.00000        nan  -12.04016  -12.01282  -11.92693  -11.17359  -11.17000  -11.10694   -9.30600   -9.32885   -9.28140    1.31041    1.71155    2.03365    2.74018    3.01492    3.33087   12.87879   12.98790   13.46085   14.98781   15.69440   15.84224   16.19006   16.77727   17.00895   17.05649
   0.31581    0.31581    0.00000        nan  -12.05633  -12.02868  -11.94236  -11.16117  -11.15766  -11.09468   -9.30002   -9.32260   -9.27484    1.29034    1.69153    2.01889    2.75800    3.03441    3.34706   12.88131   12.99062   13.46379   14.96517   15.69982   15.84442   16.17456   16.77673   17.00449   17.03593
   0.31531    0.31531    0.00000        nan  -12.07264  -12.04469  -11.95795  -11.14869  -11.14527  -11.08236   -9.29385   -9.31617   -9.26812    1.27012    1.67143    2.00396    2.77596    3.05397    3.36341   12.88389   12.99338   13.46681   14.94223   15.70522   15.84650   16.15881   16.77611   16.99991   17.01501
   0.31481    0.31481    0.00000        nan  -12.08903  -12.06079  -11.97365  -11.13621  -11.13288  -11.07004   -9.28752   -9.30959   -9.26127    1.24984    1.65134    1.98892    2.79399    3.07353    3.37985   12.88651   12.99620   13.46988   14.91911   15.71057   15.84847   16.14289   16.77541   16.99522   16.99385
   0.31431    0.31431    0.00000        nan  -12.10556  -12.07702  -11.98950  -11.12367  -11.12043  -11.05766   -9.28101   -9.30284   -9.25426    1.22944    1.63116    1.97373    2.81215    3.09317    3.39643   12.88918   12.99906   13.47302   14.89571   15.71590   15.85034   16.12676   16.77462   16.99040   16.97237
   0.31381    0.31381    0.00000        nan  -12.12215  -12.09334  -12.00544  -11.11113  -11.10798  -11.04528   -9.27435   -9.29595   -9.24712    1.20899    1.61098    1.95844    2.83037    3.11281    3.41310   12.89189   13.00197   13.47621   14.87215   15.72117   15.85209   16.11048   16.77373   16.98548   16.95066
   0.31331    0.31331    0.00000        nan  -12.13887  -12.10979  -12.02154  -11.09853  -11.09547  -11.03284   -9.26751   -9.28890   -9.23982    1.18842    1.59072    1.94301    2.84872    3.13252    3.42991   12.89466   13.00493   13.47947   14.84833   15.72641   15.85374   16.09402   16.77274   16.98043   16.92864
   0.31281    0.31281    0.00000        nan  -12.15565  -12.12632  -12.03772  -11.08592  -11.08297  -11.02040   -9.26053   -9.28171   -9.23241    1.16782    1.57047    1.92750    2.86712    3.15223    3.44678   12.89746   13.00793   13.48277   14.82436   15.73159   15.85526   16.07746   16.77163   16.97528   16.90643
   0.31231    0.31231    0.00000        nan  -12.17241  -12.14279  -12.05382  -11.07391  -11.07102  -11.00845   -9.25294   -9.27390   -9.22435    1.14724    1.55043    1.91203    2.88532    3.17173    3.46377   12.90027   13.01100   13.48608   14.80097   15.73597   15.85614   16.05961   16.76929   16.97314   16.88029
   0.31181    0.31181    0.00000        nan  -12.18898  -12.15898  -12.06960  -11.06292  -11.06001  -10.99736   -9.24452   -9.26522   -9.21540    1.12685    1.53086    1.89680    2.90306    3.19075    3.48080   12.90308   13.01414   13.48934   14.77871   15.73911   15.85614   16.03964   16.76526   16.97600   16.84800
   0.31131    0.31131    0.00000        nan  -12.20565  -12.17529  -12.08550  -11.05187  -11.04895  -10.98622   -9.23596   -9.25640   -9.20632    1.10636    1.51122    1.88143    2.92091    3.20984    3.49796   12.90594   13.01733   13.49266   14.75617   15.74223   15.85611   16.01923   16.76139   16.97878   16.81535
   0.31081    0.31081    0.00000        nan  -12.22235  -12.19164  -12.10145  -11.04082  -11.03789  -10.97507   -9.22729   -9.24748   -9.19715    1.08584    1.49158    1.86600    2.93880    3.22894    3.51517   12.90883   13.02056   13.49602   14.73344   15.74533   15.85605   15.99848   16.75768   16.98146   16.78248
   0.31031    0.31031    0.00000        nan  -12.23915  -12.20808  -12.11751  -11.02971  -11.02677  -10.96387   -9.21848   -9.23843   -9.18785    1.06522    1.47187    1.85044    2.95680    3.24811    3.53250   12.91178   13.02383   13.49944   14.71044   15.74841   15.85596   15.97733   16.75411   16.98405   16.74926
   0.30981    0.30981    0.00000        nan  -12.25598  -12.22457  -12.13362  -11.01860  -11.01565  -10.95267   -9.20957   -9.22928   -9.17847    1.04458    1.45216    1.83482    2.97483    3.26728    3.54988   12.91476   13.02712   13.50290   14.68728   15.75145   15.85583   15.95588   16.75068   16.98656   16.71585
   0.30931    0.30931    0.00000        nan  -12.27289  -12.24114  -12.14981  -11.00740  -11.00447  -10.94138   -9.20052   -9.22001   -9.16896    1.02383    1.43237    1.81909    2.99297    3.28653    3.56738   12.91778   13.03046   13.50641   14.66386   15.75448   15.85565   15.93408   16.74736   16.98899   16.68212
   0.30881    0.30881    0.00000        nan  -12.28984  -12.25775  -12.16607  -10.99627  -10.99329  -10.93012   -9.19138   -9.21065   -9.15937    1.00307    1.41259    1.80330    3.01114    3.30577    3.58492   12.92084   13.03382   13.50995   14.64029   15.75747   15.85542   15.91202   16.74415   16.99133   16.64822
